,0,1,2,3,4,5,6,7
0,0.14840999051625364,0.09319826647382759,0.14289526322474688,0.06745463174320349,0.1422604750975943,0.11930836931990345,0.17480296405128468,0.1116700395761008
1,0.07300402401758471,0.1422593631036871,0.16566467524764122,0.12118359532597851,0.16291735113623182,0.1072668375461967,0.15569196817973782,0.07201218543827813
2,0.17846069649701385,0.11869952949886217,0.13742992285295083,0.08559044126905092,0.18957867167295422,0.07752842369936815,0.0890841300708587,0.12362818442378339
3,0.17468896111552143,0.05434703806383136,0.16932412452750922,0.0937971601382201,0.15648448681444255,0.1311396331492817,0.10348613063727559,0.11673246554867109
4,0.11086883739523111,0.1416716426121237,0.14408504137877193,0.1878659699712654,0.11173852697504517,0.08535946017839538,0.0880310338241207,0.13037948766854446
5,0.11685896345438997,0.15341221000970062,0.15207902499487702,0.09336066338844329,0.10317827520049606,0.12939220316859665,0.14639083419770516,0.10532782556830157
6,0.12502399815861515,0.0688773493531724,0.11674394123605998,0.19126022382054902,0.12189090204700617,0.11967670496360795,0.1905466546545006,0.06598022575716084
7,0.16940064589683904,0.07931611948414867,0.2069466076942863,0.09413768132632606,0.1002966125642936,0.12511969243171908,0.0814855570244677,0.14329708356859164
8,0.1937392768993717,0.1250932682323064,0.08647676622684525,0.15618606019467815,0.06595357284882632,0.1585459126658003,0.07342618027751527,0.1405789626613609
9,0.092378673020383,0.19250629571541933,0.07271554344486741,0.18138500327340593,0.1314790979549522,0.09786301654455994,0.07919018428906774,0.15248218575472094
10,0.13221198732910766,0.18019290905743135,0.24725235015596952,0.07024603633673537,0.13884958756828158,0.07770391637065881,0.06248786813376911,0.09105534504848373
11,0.14848290756519691,0.17015531190870697,0.1717763095406206,0.04701218026131245,0.12525995967906778,0.06881832991477468,0.11700285253390459,0.15149214861212015
12,0.1502944356958631,0.24208665393607715,0.07441950594840195,0.1641304808976318,0.07792820720722043,0.16727215582519442,0.09857942883700645,0.02528913164837796
13,0.15699951270586446,0.2510241314897048,0.1771954994695334,0.11760535021436419,0.1119216008831824,0.0805046148551555,0.02583099584297768,0.07891829453163862
14,0.1927612626858067,0.13619566616341355,0.07240864974803674,0.11825151409901363,0.1734682640454299,0.13028683304168714,0.10957542776431835,0.06705238245112795
15,0.20324927358326964,0.11086140053582862,0.13185220880197807,0.12464723211650464,0.07168001852614778,0.1139808517048523,0.12598767570673206,0.11774133903809555
16,0.044516137337344164,0.08997378505195064,0.0769848444675429,0.22696536414453491,0.12892296117772703,0.16091550884998645,0.13696333534420935,0.13475806361795964
17,0.10359819571900068,0.08484429139556458,0.11718738912743208,0.08310731736205645,0.1658243012645155,0.17727785584209296,0.08970653348848666,0.17845411578977424
18,0.13930395577271965,0.21037685708004356,0.11637654330972028,0.10572274415775643,0.1335322746508558,0.06496166000594508,0.07734116612232533,0.15238479889334647
19,0.10504223204950958,0.12609438096553505,0.09872853648739521,0.12576234635834307,0.09125461733677018,0.21068757601513735,0.1123815174323852,0.13004879335609026
20,0.18729993017836355,0.09121064911938981,0.07682308124696051,0.13074452019061933,0.09366703852194948,0.08364610830219885,0.2514643234394619,0.08514434900805237
21,0.1707667209557804,0.08903050138870128,0.14867322978815747,0.11999203943893756,0.07147085911394657,0.09902789429389813,0.12538563024503338,0.1756531247860389
22,0.10045519079983886,0.18667515761602277,0.09930027906661955,0.11769555819006593,0.10425306921168952,0.08801610333865423,0.14983756997169276,0.15376707181241217
23,0.1624830376117815,0.14532319520584105,0.082407356322931,0.13791483915840888,0.09852467225354415,0.17401388047411687,0.11829301506420815,0.0810400039085853
24,0.06485718505599875,0.16067556898708632,0.19640468222224655,0.11730645761150335,0.08251862969593449,0.1447128460732331,0.13517064301060958,0.09835398735563053
25,0.11592707995482733,0.11961429945961316,0.0993073920245648,0.1267460210240083,0.06760592408396641,0.18039013997466535,0.20015890277304185,0.09025024071172555
26,0.08538653547984892,0.08310202190503828,0.2085240622314862,0.1173114894631323,0.12458056760412613,0.11433406002143272,0.14934043722789797,0.11742082605246273
27,0.1663117024412084,0.1702288347778839,0.0802193290109459,0.0828379119342668,0.1759370031152999,0.11255436583957014,0.10960682550436453,0.10230402737995828
28,0.08535912275191904,0.1371122574069317,0.1041118251675731,0.19575362353001213,0.1483998762329979,0.10534367829980984,0.14301329349431446,0.0809063231184822
29,0.07320093508279285,0.11234347583122656,0.10589433009554056,0.11070429676085569,0.09944550336713148,0.15525953787873048,0.10958023950784045,0.23357168146655405
30,0.16389042018841316,0.06170643633799933,0.08825469162892287,0.06560926520337054,0.1581225966483774,0.06473358401034686,0.14913343953694536,0.2485495664494138
31,0.11556373370759157,0.08046965444357597,0.2143694698387262,0.09747390915743341,0.09306606622014849,0.06773007798360946,0.10183730690104055,0.2294897817367958
