,0,1,2,3,4,5,6,7
0,0.15907673108029843,0.09454260101528897,0.14595279997222682,0.0726595717294016,0.12193355897573782,0.13455059879935388,0.16841679088270955,0.1028673475737662
1,0.0786234627288412,0.1519524933495776,0.16653279613461028,0.13167925463841082,0.1373170882101696,0.11915162485592713,0.1437636929825556,0.07097958712975976
2,0.17596817948581378,0.1256250218435724,0.11187490522642768,0.09919714460510337,0.19146048831325535,0.07637630191707143,0.09282935932692861,0.12666859930981256
3,0.1810002030134422,0.06414203247214198,0.14842763012441065,0.10651030562876594,0.15230899606114895,0.13741914147288822,0.09863741930578597,0.1115542719504838
4,0.10900671053554634,0.1387666833527977,0.13307846941640414,0.19673527908361646,0.12017154301369384,0.087123398704174,0.08073423485835948,0.13438368106542295
5,0.1220031168709507,0.14734412158873508,0.13500223645781081,0.10563987756776226,0.09420468760408554,0.12889630691626497,0.16096699057478564,0.1059426624492374
6,0.1297451436866663,0.06608198397287793,0.1293029038411233,0.17003353043697814,0.12323990993872229,0.12435497098047703,0.1772055931944618,0.08003596397568288
7,0.15329091932312525,0.08940928456044202,0.20184000809966213,0.09580019927525504,0.08995188918334879,0.15533110791299523,0.08062990698240713,0.13374668469133918
8,0.17554979619850922,0.12240418218035358,0.09776773991454268,0.14573473075166996,0.088256962400286,0.1638819339339814,0.0845269857341378,0.12187766891600822
9,0.09119436624420846,0.18664572110458977,0.08033907384282493,0.1362867626128808,0.14064262369858876,0.09746803325685285,0.0861826893346808,0.18124072993473267
10,0.14798189669264256,0.17596429301585154,0.23427851180874742,0.08047047699308554,0.13011646208277536,0.07841258916838731,0.05750684805359937,0.09526892221506941
11,0.15659709900509072,0.16295031255116896,0.16248941328336214,0.05598720275156346,0.12395628943849352,0.07935182142997778,0.1133673734067545,0.1453004881639318
12,0.14651335802832804,0.221024826003135,0.07310621863715157,0.17179163967509284,0.09240693033282804,0.1621717808560183,0.101726581239602,0.031258665255977154
13,0.13442850735198134,0.23610246475813032,0.191267124736752,0.1354443119035839,0.09948111552457353,0.08753871608167069,0.03326814508244252,0.0824696145917726
14,0.20686895736894004,0.14715141902755727,0.09191841278205852,0.12116721923475887,0.15304123894538899,0.11944277401595998,0.09478659993193607,0.0656233787230976
15,0.18262770744377238,0.1005523153587988,0.14582050624688614,0.1324765601262141,0.09275301326313135,0.10853062634487354,0.12220532298438234,0.11503394826337573
16,0.048315881439525386,0.09685523149633492,0.09264527703670465,0.23465867954810696,0.11588315937623624,0.13179603121281663,0.1256749732587804,0.1541707666614918
17,0.11512138703833295,0.08338941947983824,0.12027833361724864,0.06580551194260967,0.14635721866752235,0.16577688158961293,0.09700948045690515,0.20626176723762737
18,0.15841018980096408,0.19021498794108077,0.11319624136932874,0.10609380142311196,0.11830374542493415,0.06576191059397803,0.10155397028317488,0.14646515319470435
19,0.10395359996682497,0.08414351821658488,0.11695805267067287,0.10893367931388147,0.10040094646552454,0.2102412554255519,0.14306353097484675,0.13230541699521625
20,0.18783187044077754,0.1030940359383573,0.08133851669339934,0.1388703578802846,0.10434067096688775,0.0712714109016407,0.21965166253133714,0.09360147467665401
21,0.16974494523913486,0.09675401334403796,0.14477279424444228,0.12381124626395545,0.06932110448999591,0.12489682787385326,0.12486380994758445,0.1458352586265634
22,0.10056155275792888,0.18127947950252699,0.11275660084115217,0.1251539214145174,0.1213717250440786,0.08307538003710307,0.15513831853926502,0.1206630218945543
23,0.13883672300303662,0.13815744275433475,0.10829054425456308,0.14957170954125734,0.08375431605598843,0.15623835034298816,0.12412371098740044,0.10102720308857241
24,0.05685952410662479,0.1839811815865796,0.20254900762756625,0.1264140415978352,0.0708438449121288,0.11984998547084204,0.12149383640533977,0.1180085783230294
25,0.11588111163971819,0.1335471777403582,0.0981443190713937,0.10410586912271112,0.06917881546251813,0.18664994657608514,0.20854886339449105,0.0839438970233193
26,0.0926170193207339,0.08089945059544161,0.21983029947925312,0.10848215686814311,0.11156755997830403,0.14336615938189584,0.13855308649645326,0.10468426790832368
27,0.15398040114450312,0.17025817516006478,0.0906446579186573,0.08368840149641754,0.17253627140580324,0.11539070981211844,0.10175095846796141,0.11175042462435097
28,0.07389794165219109,0.14548123827629658,0.1095364513962997,0.20417016709367816,0.14671172903963067,0.11592336255360292,0.11553750790844224,0.08874160211026293
29,0.06545896805375345,0.09834950306191985,0.12320470918905545,0.10814519445974796,0.11497573145088484,0.16921464785870532,0.11798410796277428,0.20266713799248476
30,0.18065078197141282,0.061028843496016894,0.09103859096599827,0.061188172476988885,0.16794885517096766,0.06729947334678196,0.15628724141731537,0.21455804118447783
31,0.11246890558988364,0.08432198531590981,0.22773757391182733,0.10036172065308374,0.08923505343421133,0.06401646647146945,0.10520726310199414,0.21665103155057502
